### material   density(g/cm3) gamma(keV)  mu_mass(cm2/g) mu(cm-1)
         Vacuum   1.000E-09     511.000  1.730066E+01  1.730066E-09
      Aluminium   2.700E+00     511.000  8.688737E-02  2.345959E-02
   AluminiumEGS   2.702E+00     511.000  8.688737E-02  2.347697E-02
        Uranium   1.890E+01     511.000  1.915257E-01  3.619835E-01
        Silicon   2.330E+00     511.000  8.986276E-02  2.093802E-02
      Germanium   5.320E+00     511.000  8.230830E-02  4.378802E-02
        Yttrium   4.470E+00     511.000  8.590467E-02  3.839938E-02
     Gadolinium   7.900E+00     511.000  1.118289E-01  8.834485E-02
       Lutetium   9.840E+00     511.000  1.275567E-01  1.255158E-01
       Tungsten   1.930E+01     511.000  1.345314E-01  2.596456E-01
           Lead   1.140E+01     511.000  1.569359E-01  1.789069E-01
        Bismuth   9.750E+00     511.000  1.609867E-01  1.569620E-01
            NaI   3.670E+00     511.000  9.388280E-02  3.445499E-02
            PWO   8.280E+00     511.000  1.376392E-01  1.139652E-01
            BGO   7.130E+00     511.000  1.351417E-01  9.635607E-02
            LSO   7.400E+00     511.000  1.175769E-01  8.700693E-02
     Plexiglass   1.190E+00     511.000  9.324118E-02  1.109570E-02
            GSO   6.700E+00     511.000  1.050799E-01  7.040355E-02
           LuAP   8.340E+00     511.000  1.148833E-01  9.581271E-02
            YAP   5.550E+00     511.000  8.570845E-02  4.756819E-02
          Water   1.000E+00     511.000  1.016427E-01  1.016427E-02
         Quartz   2.200E+00     511.000  8.803983E-02  1.936876E-02
         Breast   1.020E+00     511.000  9.542752E-02  9.733607E-03
            Air   1.290E-03     511.000  8.631915E-02  1.113517E-05
          Glass   2.500E+00     511.000  8.623470E-02  2.155868E-02
   Scinti-C9H10   1.032E+00     511.000  9.441250E-02  9.743369E-03
       LuYAP-70   7.100E+00     511.000  1.080581E-01  7.672121E-02
       LuYAP-80   7.500E+00     511.000  1.103533E-01  8.276499E-02
        Plastic   1.180E+00     511.000  9.419525E-02  1.111504E-02
       Biomimic   1.050E+00     511.000  9.419525E-02  9.890500E-03
           FITC   1.000E+00     511.000  9.419858E-02  9.419858E-03
            RhB   1.000E+00     511.000  9.419858E-02  9.419858E-03
            CZT   5.680E+00     511.000  9.106541E-02  5.172515E-02
           Lung   2.600E-01     511.000  9.519167E-02  2.474983E-03
   Polyethylene   9.600E-01     511.000  1.061504E-01  1.019043E-02
            PVC   1.650E+00     511.000  9.042684E-02  1.492043E-02
          SS304   7.920E+00     511.000  8.323409E-02  6.592140E-02
           PTFE   2.180E+00     511.000  8.472747E-02  1.847059E-02
           LYSO   7.250E+00     511.000  1.152653E-01  8.356731E-02
           Body   1.000E+00     511.000  9.599387E-02  9.599387E-03
         Muscle   1.050E+00     511.000  9.510763E-02  9.986301E-03
       LungMoby   3.000E-01     511.000  9.490896E-02  2.847269E-03
      SpineBone   1.420E+00     511.000  9.181000E-02  1.303702E-02
        RibBone   1.920E+00     511.000  8.938249E-02  1.716144E-02
        Adipose   9.200E-01     511.000  9.657770E-02  8.885149E-03
      Epidermis   9.200E-01     511.000  9.657770E-02  8.885149E-03
     Hypodermis   9.200E-01     511.000  9.657770E-02  8.885149E-03
          Blood   1.060E+00     511.000  9.510794E-02  1.008144E-02
          Heart   1.050E+00     511.000  9.527636E-02  1.000402E-02
         Kidney   1.050E+00     511.000  9.519137E-02  9.995094E-03
          Liver   1.060E+00     511.000  9.510144E-02  1.008075E-02
          Lymph   1.030E+00     511.000  9.562650E-02  9.849530E-03
       Pancreas   1.040E+00     511.000  9.543973E-02  9.925732E-03
      Intestine   1.030E+00     511.000  9.545443E-02  9.831806E-03
          Skull   1.610E+00     511.000  9.072331E-02  1.460645E-02
      Cartilage   1.100E+00     511.000  9.455120E-02  1.040063E-02
          Brain   1.040E+00     511.000  9.551994E-02  9.934073E-03
         Spleen   1.060E+00     511.000  9.519275E-02  1.009043E-02
         Testis   1.040E+00     511.000  9.545252E-02  9.927061E-03
           PMMA   1.195E+00     511.000  9.324144E-02  1.114235E-02
          Epoxy   1.000E+00     511.000  9.257954E-02  9.257954E-03
        Carbide   1.580E+01     511.000  1.315619E-01  2.078679E-01
